288,6
288,5
288,4
288,3
288,2
288,1
288,0
287,5
287,4
287,3
287,2
0,471
287,1
287,0
0,470
0,447
286,4
286,3
286,2
286,1
286,0
0,469
285,13
285,12
285,11
285,10
285,9
285,8
285,7
0,468
285,6
285,5
285,4
285,3
285,2
285,1
285,0
0,446
0,462
284,4
284,3
284,2
284,1
284,0
0,458
0,484
283,6
283,5
283,4
283,3
283,2
0,400
283,1
283,0
0,452
282,6
282,5
282,4
282,3
282,2
282,1
282,0
281,6
281,5
281,4
281,3
281,2
281,1
281,0
280,6
280,5
280,4
280,3
280,2
280,1
280,0
0,440
279,6
279,5
279,4
0,419
279,3
279,2
279,1
279,0
278,6
278,5
278,4
278,3
278,2
278,1
278,0
0,489
0,575
277,6
277,5
277,4
277,3
277,2
0,574
277,1
277,0
0,466
0,465
0,421
276,6
276,5
276,4
276,3
276,2
0,417
276,1
276,0
0,409
0,406
275,4
275,3
275,2
0,403
275,1
275,0
0,483
0,453
0,394
274,6
274,5
274,4
274,3
274,2
274,1
274,0
273,8
273,7
273,6
273,5
273,4
273,3
273,2
273,1
273,0
272,8
272,7
0,273
0,270
272,6
272,5
272,4
272,3
272,2
272,1
272,0
271,4
271,3
271,2
271,1
271,0
14,7
270,40
270,39
270,38
270,37
270,29
270,36
270,27
270,35
270,11
270,34
270,22
270,33
270,32
270,31
270,30
270,23
270,19
270,28
270,18
270,26
270,25
270,15
270,24
270,16
270,10
270,21
270,20
270,14
270,17
270,13
270,6
270,5
270,12
270,4
270,9
270,8
270,7
270,3
270,2
270,1
270,0
14,2
14,0
269,5
269,4
269,3
269,2
269,1
269,0
0,473
0,472
0,436
0,424
0,58
0,444
22,34
22,33
22,32
22,31
22,30
22,29
22,28
22,27
22,26
22,25
22,24
22,23
22,22
22,21
22,20
22,19
22,18
22,17
22,16
22,15
22,14
22,13
22,12
22,11
22,10
22,9
22,8
22,7
22,6
22,5
22,4
22,3
268,4
268,3
268,2
268,1
268,0
267,10
267,9
267,8
267,7
0,401
267,6
267,5
267,4
267,3
267,2
267,1
267,0
0,451
266,8
266,7
0,448
266,6
266,5
266,4
266,3
266,2
266,1
266,0
265,17
265,20
265,19
265,18
265,16
265,4
0,573
0,475
265,15
265,14
265,13
265,5
265,12
265,11
265,10
265,9
265,8
265,7
265,6
265,3
265,2
265,1
265,0
0,572
264,6
264,5
264,4
264,3
264,2
264,1
264,0
0,571
263,6
263,5
263,4
263,3
263,2
263,1
263,0
262,7
262,6
262,5
262,4
262,3
262,2
262,1
262,0
0,435
0,430
0,429
261,6
261,5
261,4
261,3
261,2
261,1
261,0
0,464
0,423
0,463
260,4
260,3
260,2
260,1
260,0
0,407
0,460
0,457
259,4
259,3
259,2
259,1
259,0
0,454
0,395
0,450
258,4
258,3
258,2
0,449
258,1
258,0
0,570
257,4
257,3
257,2
257,1
257,0
0,193
0,569
0,443
0,568
256,4
256,3
256,2
256,1
256,0
0,48
0,312
255,3
255,2
0,567
0,566
255,1
255,0
254,3
254,2
254,1
254,0
0,57
0,565
0,445
0,564
253,6
253,5
253,4
253,3
253,2
253,1
253,0
0,432
252,3
252,2
252,1
252,0
0,422
0,416
0,563
251,5
251,4
251,3
251,2
0,562
251,1
251,0
250,4
0,561
250,3
250,2
250,1
250,0
249,7
249,6
249,5
249,4
249,3
249,2
249,1
249,0
0,283
0,560
248,3
248,2
248,1
248,0
247,13
247,12
247,11
247,10
247,9
247,8
247,7
247,6
247,5
247,4
247,3
247,2
247,1
247,0
0,559
0,384
0,558
246,4
246,3
246,2
246,1
246,0
0,557
0,556
245,3
245,2
245,1
245,0
0,555
0,6
244,3
244,2
0,431
244,1
244,0
243,6
243,5
243,4
243,3
243,2
243,1
243,0
14,5
0,411
242,6
242,5
242,4
242,3
242,2
242,1
242,0
241,6
241,5
241,4
241,3
241,2
241,1
241,0
0,442
240,3
240,2
0,305
240,1
240,0
0,554
239,3
239,2
239,1
239,0
0,56
0,553
0,552
238,6
238,5
238,4
238,3
238,2
238,1
238,0
0,204
0,203
0,197
0,196
237,6
237,5
237,4
237,3
237,2
237,1
237,0
0,551
0,550
236,6
236,5
236,4
236,3
236,2
236,1
236,0
0,262
0,433
235,3
235,2
235,1
235,0
0,415
234,6
234,5
234,4
234,3
234,2
0,414
234,1
234,0
233,3
233,2
233,1
233,0
232,6
232,5
232,4
232,3
232,2
232,1
232,0
231,3
231,2
231,1
231,0
0,1
0,549
0,548
230,4
230,3
230,2
230,1
230,0
229,6
229,5
229,4
0,547
229,3
229,2
229,1
229,0
0,62
0,61
0,441
14,4
0,287
228,3
228,2
228,1
228,0
0,50
0,315
0,49
0,313
0,269
227,8
227,7
0,437
0,434
227,6
227,5
227,4
227,3
227,2
227,1
227,0
0,428
0,255
0,427
0,426
0,418
0,248
226,3
226,2
0,420
226,1
226,0
0,242
0,412
225,8
225,7
0,410
225,6
225,5
225,4
225,3
225,2
225,1
225,0
0,223
224,3
224,2
224,1
224,0
223,4
223,3
223,2
223,1
223,0
222,40
222,39
222,38
222,37
222,29
222,36
222,27
222,35
222,11
222,34
222,22
222,33
